#1
6.974
8.775
11.044
12.846
15.782
16.984
17.851
18.785
19.219
20.854
24.224
25.092
27.427
28.562
30.297
33.333
33.534
33.967
38.038
39.039
41.975
44.611
45.812
48.181
51.285
56.523
57.858
59.259
60.594
67.034
67.901
71.471
72.439
74.241
75.142
76.076
77.911
81.615
86.72
92.859
#2
7.407
10.611
12.613
13.08
14.081
16.75
27.427
29.229
33.1
35.936
41.975
42.509
42.743
46.079
49.65
50.05
51.752
57.19
57.524
61.795
62.629
64.464
64.898
66.266
70.07
84.051
88.488
89.389
90.757
92.859
#3
6.039
7.875
9.276
9.71
11.478
11.979
12.414
13.313
13.48
13.647
13.947
15.516
16.049
17.651
18.552
19.92
20.153
20.354
20.587
21.054
22.623
22.89
23.09
23.29
23.924
24.892
26.059
26.527
26.96
27.427
28.762
28.996
30.397
32.165
32.399
32.633
34.101
35.135
35.469
35.836
37.938
38.872
40.607
41.041
41.508
41.975
44.177
45.546
46.213
47.681
49.249
51.018
55.122
55.522
55.889
56.523
58.091
59.459
61.061
61.628
65.198
65.532
66.767
68.335
69.236
73.106
73.607
76.71
77.177
81.381
82.049
82.382
84.251
85.319
85.619
86.62
88.288
88.889
89.69
90.223
91.491
91.992
92.392
92.859
#4
7.641
10.377
13.814
16.483
27.427
32.866
35.736
41.975
42.905
42.743
46.446
49.65
50.05
51.485
57.024
57.391
62.429
64.197
64.665
66.066
68.769
69.703
83.784
85.819
88.088
89.156
90.591
92.859
#5
6.74
8.575
11.278
15.249
17.417
18.318
19.453
21.288
23.757
24.691
27.427
30.531
34.234
37.804
38.772
41.975
46.647
47.548
50.751
56.523
58.325
59.66
66.5
71.238
72.205
74.007
74.908
75.842
77.611
81.148
86.52
92.859
